**************************************************************************************************
Instance Solution : 
Number of Instance : 0
**************************************************************************************************

**************************************************************************************************
Solution Instance : 0
Makespan : 117
**************************************************************************************************

 Task   Mode   Start   Finish   NbRess  Ressource 
      0    0       0        0        6    1  2  3  4  5  6
      1    0       9       16        1    6
      2    0       0        9        1    3
      3    0       0       10        1    1
      4    0      16       26        1    5
      5    0      10       16        1    4
      6    0      16       28        1    6
      7    0      26       32        1    3
      8    0      10       26        1    3
      9    0      32       52        1    3
     10    0      28       35        1    6
     11    0      35       47        1    4
     12    0      26       47        1    2
     13    0      26       42        1    1
     14    0      52       61        1    3
     15    0      42       49        1    5
     16    0      61       79        1    3
     17    0      42       59        1    1
     18    0      42       49        1    6
     19    0      60       66        1    6
     20    0      79      100        1    5
     21    0      59       82        1    1
     22    0      61       81        1    4
     23    0      79       91        1    3
     24    0      49       60        1    6
     25    0      89      105        1    6
     26    0      66       89        1    6
     27    0      49       63        1    2
     28    0     100      117        1    1
     29    0     105      117        1    5
     30    0      91      115        1    3
     31    0     117      117        6    1  2  3  4  5  6
**************************************************************************************************
Solution Instance : 1
Makespan : 111
**************************************************************************************************

 Task   Mode   Start   Finish   NbRess  Ressource 
      0    0       0        0        0
      1    0       0       19        0
      2    0       0       22        0
      3    0       0        8        0
      4    0      22       29        0
      5    0      19       35        0
      6    0      29       44        0
      7    0       8       20        0
      8    0       8       21        0
      9    0      20       42        0
     10    0      35       51        0
     11    0      21       42        0
     12    0      21       45        0
     13    0      44       59        0
     14    0      42       61        1    2
     15    0      51       75        0
     16    0      59       77        0
     17    0      45       59        0
     18    0      59       77        0
     19    0      77       99        0
     20    0      42       56        0
     21    0      59       75        0
     22    0      77       87        0
     23    0      87      102        1    2
     24    0      77       92        0
     25    0      77       87        0
     26    0     102      111        1    2
     27    0      92      101        0
     28    0      59       79        0
     29    0      75       89        0
     30    0      87      102        0
     31    0     111      111        0
**************************************************************************************************
Solution Instance : 2
Makespan : 189
**************************************************************************************************

 Task   Mode   Start   Finish   NbRess  Ressource 
      0    0       0        0        6    1  2  3  4  5  6
      1    0       0       19        1    2
      2    0       0       22        1    3
      3    0       0        8        1    6
      4    0      19       26        1    6
      5    0      22       38        1    1
      6    0      26       41        1    2
      7    1      38       44        2    1  6
      8    0      44       57        1    1
      9    0      38       60        1    4
     10    1      57       65        2    1  6
     11    0      65       86        1    6
     12    0      65       89        1    2
     13    0      86      101        1    6
     14    0      65       84        1    3
     15    0      84      108        1    5
     16    0     101      119        1    3
     17    0     108      122        1    1
     18    0     108      126        1    5
     19    0     108      130        1    4
     20    0     126      140        1    5
     21    0     122      138        1    1
     22    0     130      140        1    4
     23    0     140      155        1    1
     24    0     140      155        1    6
     25    0     140      150        1    5
     26    0     150      159        1    2
     27    0     159      168        1    6
     28    0     155      175        1    1
     29    0     175      189        1    1
     30    0     168      183        1    6
     31    0     189      189        6    1  2  3  4  5  6
**************************************************************************************************
Solution Instance : 3
Makespan : 144
**************************************************************************************************

 Task   Mode   Start   Finish   NbRess  Ressource 
      0    0       0        0        6    1  2  3  4  5  6
      1    0       8       27        1    1
      2    0       0       22        1    6
      3    0       0        8        1    1
      4    0       0        7        1    2
      5    0      44       60        1    6
      6    0      40       55        1    1
      7    0      40       52        1    2
      8    0      27       40        1    1
      9    0      22       44        1    6
     10    1      60       68        2    2  4
     11    1      44       55        2    3  4
     12    0      92      116        1    3
     13    0      44       59        1    5
     14    0      55       74        1    3
     15    0      68       92        1    1
     16    0      74       92        1    4
     17    0      74       88        1    6
     18    0      74       92        1    2
     19    0      92      114        1    1
     20    0      88      102        1    5
     21    0      92      108        1    6
     22    0     108      118        1    6
     23    0      92      107        1    2
     24    0     116      131        1    4
     25    0     114      124        1    1
     26    0     127      136        1    6
     27    0     118      127        1    6
     28    0     124      144        1    1
     29    1     136      143        2    3  5
     30    0     127      142        1    2
     31    0     144      144        6    1  2  3  4  5  6
**************************************************************************************************
Solution Instance : 4
Makespan : 161
**************************************************************************************************

 Task   Mode   Start   Finish   NbRess  Ressource 
      0    0       0        0        6    1  2  3  4  5  6
      1    0       0       19        1    2
      2    0       0       22        1    1
      3    0       0        8        1    6
      4    0      22       29        1    1
      5    0      19       35        1    2
      6    0      29       44        1    6
      7    0      44       56        1    6
      8    0       8       21        1    5
      9    0      56       78        1    1
     10    0      56       72        1    6
     11    0      21       42        1    3
     12    0      42       66        1    3
     13    0      66       81        1    5
     14    0      78       97        1    3
     15    0      81      105        1    4
     16    0      81       99        1    6
     17    0      81       95        1    2
     18    0      81       99        1    5
     19    0     105      127        1    3
     20    0      95      109        1    1
     21    0     105      121        1    4
     22    0     109      119        1    1
     23    0      99      114        1    6
     24    0     114      129        1    5
     25    0     119      129        1    2
     26    0     129      138        1    6
     27    0     138      147        1    6
     28    0     127      147        1    1
     29    0     147      161        1    1
     30    1     147      155        2    4  3
     31    0     161      161        6    1  2  3  4  5  6
**************************************************************************************************
Solution Instance : 5
Makespan : 196
**************************************************************************************************

 Task   Mode   Start   Finish   NbRess  Ressource 
      0    0       0        0        6    1  2  3  4  5  6
      1    0       0       19        1    3
      2    0       0       22        1    4
      3    0       0        8        1    6
      4    0      19       26        1    6
      5    0      22       38        1    4
      6    0      26       41        1    6
      7    0      26       38        1    3
      8    0      38       51        1    4
      9    0      38       60        1    1
     10    1      60       68        2    1  4
     11    0      68       89        1    1
     12    0      60       84        1    2
     13    0      60       75        1    3
     14    0      60       79        1    5
     15    0      89      113        1    2
     16    0      79       97        1    5
     17    0      79       93        1    3
     18    0      89      107        1    1
     19    0     107      129        1    6
     20    0     129      143        1    6
     21    0     107      123        1    1
     22    0     129      139        1    5
     23    0     129      144        1    3
     24    0     144      159        1    3
     25    0     143      153        1    6
     26    0     159      168        1    3
     27    0     153      162        1    2
     28    0     162      182        1    4
     29    0     182      196        1    4
     30    1     153      161        2    5  6
     31    0     196      196        6    1  2  3  4  5  6
**************************************************************************************************
Solution Instance : 6
Makespan : 206
**************************************************************************************************

 Task   Mode   Start   Finish   NbRess  Ressource 
      0    0       0        0        6    1  2  3  4  5  6
      1    0       0       19        1    1
      2    0       0       22        1    6
      3    0      19       27        1    1
      4    0      22       29        1    5
      5    0      27       43        1    1
      6    0      43       58        1    1
      7    0      27       39        1    2
      8    0      29       42        1    6
      9    0      58       80        1    1
     10    0      42       58        1    4
     11    1      58       69        2    3  4
     12    0      69       93        1    3
     13    0      80       95        1    2
     14    0      93      112        1    4
     15    0      95      119        1    6
     16    0     112      130        1    3
     17    0      95      109        1    5
     18    0     109      127        1    5
     19    0     130      152        1    6
     20    0     127      141        1    5
     21    0     152      168        1    6
     22    1     168      173        2    1  6
     23    0     127      142        1    4
     24    0     127      142        1    2
     25    0     173      183        1    6
     26    0     183      192        1    6
     27    0     173      182        1    1
     28    0     183      203        1    1
     29    0     192      206        1    2
     30    0     168      183        1    4
     31    0     206      206        6    1  2  3  4  5  6
**************************************************************************************************
Solution Instance : 7
Makespan : 122
**************************************************************************************************

 Task   Mode   Start   Finish   NbRess  Ressource 
      0    0       0        0        6    1  2  3  4  5  6
      1    0       0       19        1    6
      2    0      29       51        1    4
      3    0       7       15        1    3
      4    0       0        7        1    3
      5    0      19       35        1    2
      6    0      15       30        1    3
      7    0      53       65        1    6
      8    0      59       72        1    4
      9    0       7       29        1    1
     10    1      51       59        2    1  4
     11    0      29       50        1    1
     12    0      29       53        1    6
     13    0      30       45        1    3
     14    0      29       48        1    5
     15    0      59       83        1    1
     16    0      48       66        1    2
     17    0      65       79        1    6
     18    0      66       84        1    5
     19    0      48       70        1    3
     20    0      84       98        1    6
     21    0      85      101        1    2
     22    1      84       89        2    1  4
     23    0      85      100        1    3
     24    0      70       85        1    3
     25    0      98      108        1    6
     26    1     108      113        2    3  6
     27    0      89       98        1    1
     28    0     101      121        1    2
     29    0     108      122        1    4
     30    1     113      121        2    6  5
     31    0     122      122        6    1  2  3  4  5  6
**************************************************************************************************
Solution Instance : 8
Makespan : 147
**************************************************************************************************

 Task   Mode   Start   Finish   NbRess  Ressource 
      0    0       0        0        0
      1    0       0       19        0
      2    0       0       22        0
      3    0       0        8        0
      4    0      19       26        0
      5    0      22       38        0
      6    0      26       41        0
      7    0      38       50        1    3
      8    0      38       51        0
      9    0      38       60        0
     10    0      38       54        1    1
     11    0      60       81        0
     12    0      54       78        0
     13    0      54       69        0
     14    0      69       88        0
     15    0       8       32        0
     16    0      88      106        0
     17    0      69       83        0
     18    0      55       73        1    6
     19    0      78      100        0
     20    0      41       55        0
     21    0     106      122        0
     22    0      60       70        0
     23    0      70       85        0
     24    0      81       96        0
     25    0     122      132        1    6
     26    0      85       94        0
     27    0      94      103        2    1  5
     28    0      96      116        0
     29    0     100      114        0
     30    0     132      147        0
     31    0     147      147        0
**************************************************************************************************
Solution Instance : 9
Makespan : 118
**************************************************************************************************

 Task   Mode   Start   Finish   NbRess  Ressource 
      0    0       0        0        6    1  2  3  4  5  6
      1    0      46       65        1    1
      2    0       0       22        1    1
      3    0      65       73        1    1
      4    0      38       45        1    5
      5    0       0       16        1    6
      6    0      82       97        1    1
      7    0      16       28        1    4
      8    0      38       51        1    6
      9    0      16       38        1    6
     10    1      16       24        2    2  5
     11    0      62       83        1    3
     12    0      24       48        1    3
     13    0      28       43        1    4
     14    0      45       64        1    2
     15    0      22       46        1    1
     16    0      64       82        1    2
     17    0      48       62        1    3
     18    0      46       64        1    5
     19    0      51       73        1    6
     20    0      46       60        1    4
     21    0      83       99        1    6
     22    0      73       83        1    6
     23    1      98      106        2    3  5
     24    0      83       98        1    5
     25    0      99      109        1    6
     26    0      73       82        1    1
     27    0     109      118        1    6
     28    0      97      117        1    1
     29    0      82       96        1    4
     30    0      96      111        1    2
     31    0     118      118        6    1  2  3  4  5  6
**************************************************************************************************
Solution Instance : 10
Makespan : 176
**************************************************************************************************

 Task   Mode   Start   Finish   NbRess  Ressource 
      0    0       0        0        6    1  2  3  4  5  6
      1    0       0       19        1    4
      2    0       0       22        1    1
      3    0       0        8        1    6
      4    0      19       26        1    6
      5    0      22       38        1    3
      6    0      26       41        1    1
      7    0      41       53        1    1
      8    0      38       51        1    3
      9    0      38       60        1    6
     10    0      60       76        1    6
     11    0      60       81        1    4
     12    0      76      100        1    2
     13    0      76       91        1    3
     14    0      81      100        1    4
     15    0      76      100        1    5
     16    0     100      118        1    1
     17    0     100      114        1    3
     18    0     114      132        1    3
     19    0     100      122        1    5
     20    0     118      132        1    1
     21    0     118      134        1    4
     22    0     122      132        1    6
     23    0     132      147        1    6
     24    0     132      147        1    2
     25    0     134      144        1    4
     26    0     132      141        1    1
     27    0     147      156        1    6
     28    0     156      176        1    6
     29    0     141      155        1    1
     30    0     147      162        1    3
     31    0     176      176        6    1  2  3  4  5  6
**************************************************************************************************
Solution Instance : 11
Makespan : 107
**************************************************************************************************

 Task   Mode   Start   Finish   NbRess  Ressource 
      0    0       0        0        6    1  2  3  4  5  6
      1    0       0       19        1    6
      2    0       0       22        1    1
      3    0       0        8        1    3
      4    0      22       29        1    3
      5    0      19       35        1    5
      6    0      29       44        1    3
      7    0       8       20        1    3
      8    0       8       21        1    4
      9    1      35       46        2    1  5
     10    0      44       60        1    6
     11    0      21       42        1    4
     12    0      35       59        1    2
     13    0      21       36        1    6
     14    0      60       79        1    4
     15    0      46       70        1    5
     16    0      59       77        1    2
     17    0      54       68        1    3
     18    0      42       60        1    4
     19    0      79      101        1    6
     20    0      88      102        1    3
     21    0      70       86        1    5
     22    0      79       89        1    4
     23    0      60       75        1    6
     24    0      68       83        1    3
     25    0      44       54        1    3
     26    1     102      107        2    6  3
     27    0      89       98        1    4
     28    0      54       74        1    1
     29    0      74       88        1    1
     30    0      86      101        1    2
     31    0     107      107        6    1  2  3  4  5  6
**************************************************************************************************
Solution Instance : 12
Makespan : 167
**************************************************************************************************

 Task   Mode   Start   Finish   NbRess  Ressource 
      0    0       0        0        6    1  2  3  4  5  6
      1    0       0       19        1    3
      2    0       0       22        1    4
      3    0       0        8        1    1
      4    0      19       26        1    1
      5    0      26       42        1    1
      6    0      22       37        1    4
      7    0      42       54        1    1
      8    0       8       21        1    6
      9    0      42       64        1    3
     10    0      54       70        1    1
     11    0      21       42        1    6
     12    0      37       61        1    4
     13    0      42       57        1    2
     14    0      70       89        1    2
     15    0      57       81        1    5
     16    0      89      107        1    2
     17    0      57       71        1    6
     18    0      64       82        1    3
     19    0     107      129        1    2
     20    0      81       95        1    4
     21    0     107      123        1    6
     22    0      95      105        1    3
     23    0     105      120        1    1
     24    0     123      138        1    6
     25    0     105      115        1    3
     26    0     129      138        1    2
     27    0     138      147        1    6
     28    0     147      167        1    6
     29    0     120      134        1    1
     30    0     134      149        1    1
     31    0     167      167        6    1  2  3  4  5  6
**************************************************************************************************
Solution Instance : 13
Makespan : 142
**************************************************************************************************

 Task   Mode   Start   Finish   NbRess  Ressource 
      0    0       0        0        6    1  2  3  4  5  6
      1    0       0       19        1    6
      2    0       0       22        1    1
      3    0      22       30        1    1
      4    0      19       26        1    2
      5    0      22       38        1    6
      6    0      43       58        1    1
      7    0      43       55        1    2
      8    0      30       43        1    1
      9    0      38       60        1    6
     10    0      58       74        1    2
     11    0      60       81        1    3
     12    0      60       84        1    4
     13    0      84       99        1    6
     14    0      60       79        1    5
     15    0      99      123        1    6
     16    0      79       97        1    5
     17    0     101      115        1    3
     18    0      79       97        1    2
     19    0      79      101        1    1
     20    0      97      111        1    5
     21    0     101      117        1    1
     22    0     123      133        1    1
     23    0     115      130        1    4
     24    1     123      131        2    3  2
     25    0     123      133        1    6
     26    0     133      142        1    1
     27    0     133      142        1    6
     28    0      58       78        1    1
     29    1     133      140        2    5  2
     30    0     111      126        1    5
     31    0     142      142        6    1  2  3  4  5  6
**************************************************************************************************
Solution Instance : 14
Makespan : 110
**************************************************************************************************

 Task   Mode   Start   Finish   NbRess  Ressource 
      0    0       0        0        6    1  2  3  4  5  6
      1    0       0       19        1    6
      2    0       0       22        1    4
      3    0       0        8        1    3
      4    0      35       42        1    6
      5    0      19       35        1    2
      6    0      42       57        1    3
      7    0       8       20        1    3
      8    0       8       21        1    5
      9    0      42       64        1    5
     10    0      46       62        1    1
     11    0      21       42        1    5
     12    0      22       46        1    1
     13    0      21       36        1    3
     14    0      64       83        1    5
     15    0      36       60        1    2
     16    0      36       54        1    4
     17    0      42       56        1    6
     18    0      54       72        1    4
     19    0      60       82        1    3
     20    0      87      101        1    6
     21    0      62       78        1    1
     22    0      83       93        1    5
     23    0      72       87        1    6
     24    0      57       72        1    6
     25    0      83       93        1    3
     26    0      93      102        1    3
     27    0      98      107        1    5
     28    0      78       98        1    4
     29    0      93      107        1    2
     30    1     102      110        2    4  6
     31    0     110      110        6    1  2  3  4  5  6
**************************************************************************************************
Solution Instance : 15
Makespan : 168
**************************************************************************************************

 Task   Mode   Start   Finish   NbRess  Ressource 
      0    0       0        0        6    1  2  3  4  5  6
      1    0       0       19        1    5
      2    0       0       22        1    1
      3    0       0        8        1    6
      4    0      22       29        1    1
      5    0      19       35        1    4
      6    0      29       44        1    6
      7    0      44       56        1    6
      8    0       8       21        1    2
      9    0      56       78        1    6
     10    0      29       45        1    1
     11    0      35       56        1    4
     12    0      35       59        1    2
     13    0      21       36        1    3
     14    0      78       97        1    4
     15    0      36       60        1    5
     16    0      45       63        1    1
     17    0      59       73        1    2
     18    0      60       78        1    3
     19    0      97      119        1    4
     20    0      78       92        1    6
     21    0      78       94        1    3
     22    0      94      104        1    6
     23    0     104      119        1    6
     24    0     119      134        1    2
     25    0      78       88        1    5
     26    0      78       87        1    1
     27    1     119      124        2    6  1
     28    0     134      154        1    1
     29    0     154      168        1    1
     30    0      94      109        1    3
     31    0     168      168        6    1  2  3  4  5  6
**************************************************************************************************
Solution Instance : 16
Makespan : 134
**************************************************************************************************

 Task   Mode   Start   Finish   NbRess  Ressource 
      0    0       0        0        6    1  2  3  4  5  6
      1    0       0       19        1    6
      2    0       0       22        1    1
      3    0      22       30        1    1
      4    0      19       26        1    2
      5    0      37       53        1    6
      6    0      22       37        1    6
      7    0      30       42        1    5
      8    0      30       43        1    1
      9    0      43       65        1    1
     10    0      56       72        1    3
     11    1      26       37        2    2  3
     12    0      43       67        1    5
     13    0      37       52        1    4
     14    0      72       91        1    4
     15    0      63       87        1    6
     16    0      72       90        1    3
     17    0      52       66        1    4
     18    0      67       85        1    5
     19    0      91      113        1    6
     20    0      42       56        1    3
     21    0      87      103        1    1
     22    0      66       76        1    1
     23    0      76       91        1    2
     24    0     103      118        1    5
     25    0      53       63        1    6
     26    0     118      127        1    6
     27    0     103      112        1    1
     28    0     113      133        1    1
     29    1     127      134        2    4  3
     30    0     118      133        1    5
     31    0     134      134        6    1  2  3  4  5  6
**************************************************************************************************
Solution Instance : 17
Makespan : 110
**************************************************************************************************

 Task   Mode   Start   Finish   NbRess  Ressource 
      0    0       0        0        6    1  2  3  4  5  6
      1    0      40       59        1    2
      2    0       0       22        1    1
      3    0       0        8        1    6
      4    0      59       66        1    6
      5    0       8       24        1    4
      6    0      46       61        1    1
      7    0       8       20        1    6
      8    0       8       21        1    2
      9    0      24       46        1    1
     10    0      24       40        1    6
     11    0      21       42        1    3
     12    0      22       46        1    5
     13    0      21       36        1    2
     14    0      46       65        1    5
     15    0      36       60        1    4
     16    0      40       58        1    6
     17    0      42       56        1    3
     18    0      60       78        1    4
     19    0      65       87        1    2
     20    0      71       85        1    1
     21    0      65       81        1    5
     22    0      61       71        1    1
     23    0      66       81        1    6
     24    0      71       86        1    3
     25    0      86       96        1    4
     26    0      85       94        1    1
     27    0      81       90        1    6
     28    0      90      110        1    6
     29    0      96      110        1    1
     30    0      90      105        1    2
     31    0     110      110        6    1  2  3  4  5  6
**************************************************************************************************
Solution Instance : 18
Makespan : 187
**************************************************************************************************

 Task   Mode   Start   Finish   NbRess  Ressource 
      0    0       0        0        6    1  2  3  4  5  6
      1    0       0       19        1    3
      2    0       0       22        1    6
      3    0       0        8        1    1
      4    0      22       29        1    6
      5    0      19       35        1    2
      6    0      29       44        1    6
      7    0      35       47        1    1
      8    0      35       48        1    2
      9    0      44       66        1    6
     10    1      66       74        2    1  6
     11    0      48       69        1    2
     12    0      74       98        1    5
     13    0      74       89        1    3
     14    0      74       93        1    2
     15    0      89      113        1    4
     16    0      98      116        1    1
     17    0     113      127        1    5
     18    0      93      111        1    3
     19    0     113      135        1    4
     20    0     116      130        1    1
     21    0     127      143        1    5
     22    0     130      140        1    6
     23    0     140      155        1    6
     24    0     143      158        1    5
     25    0     130      140        1    2
     26    0     158      167        1    1
     27    0     155      164        1    6
     28    0     167      187        1    1
     29    0     164      178        1    6
     30    0     140      155        1    2
     31    0     187      187        6    1  2  3  4  5  6
**************************************************************************************************
Solution Instance : 19
Makespan : 194
**************************************************************************************************

 Task   Mode   Start   Finish   NbRess  Ressource 
      0    0       0        0        6    1  2  3  4  5  6
      1    0       0       19        1    1
      2    0      19       41        1    1
      3    0       0        8        1    6
      4    0       0        7        1    2
      5    0      41       57        1    1
      6    0       8       23        1    6
      7    0       7       19        1    4
      8    0      23       36        1    6
      9    0      36       58        1    6
     10    1      57       65        2    3  5
     11    0      65       86        1    3
     12    0      58       82        1    2
     13    0      58       73        1    4
     14    0      65       84        1    5
     15    0      86      110        1    1
     16    0     110      128        1    5
     17    0     128      142        1    5
     18    0      86      104        1    3
     19    0     104      126        1    6
     20    0     142      156        1    2
     21    0     126      142        1    6
     22    0     110      120        1    1
     23    0     156      171        1    2
     24    1     128      136        2    3  4
     25    0     142      152        1    6
     26    0     152      161        1    6
     27    0     171      180        1    6
     28    0     161      181        1    1
     29    0     180      194        1    4
     30    0     142      157        1    5
     31    0     194      194        6    1  2  3  4  5  6
**************************************************************************************************
Solution Instance : 20
Makespan : 161
**************************************************************************************************

 Task   Mode   Start   Finish   NbRess  Ressource 
      0    0       0        0        6    1  2  3  4  5  6
      1    0       0       19        1    3
      2    0       0       22        1    2
      3    0       0        8        1    1
      4    0      56       63        1    6
      5    0      40       56        1    6
      6    0      19       34        1    4
      7    0       8       20        1    6
      8    0       8       21        1    1
      9    0      63       85        1    5
     10    1      32       40        2    6  1
     11    1      21       32        2    6  1
     12    0      22       46        1    3
     13    0      21       36        1    5
     14    0      85      104        1    2
     15    0      36       60        1    2
     16    0      36       54        1    4
     17    0      46       60        1    1
     18    0      40       58        1    5
     19    0     104      126        1    4
     20    0      60       74        1    4
     21    0      60       76        1    1
     22    0      60       70        1    2
     23    0     126      141        1    6
     24    0      70       85        1    6
     25    0      94      104        1    3
     26    0      85       94        1    3
     27    0     104      113        1    6
     28    0     141      161        1    1
     29    0      85       99        1    1
     30    0     113      128        1    1
     31    0     161      161        6    1  2  3  4  5  6
**************************************************************************************************
Solution Instance : 21
Makespan : 113
**************************************************************************************************

 Task   Mode   Start   Finish   NbRess  Ressource 
      0    0       0        0        6    1  2  3  4  5  6
      1    0       0       19        1    3
      2    0       0       22        1    4
      3    0       0        8        1    1
      4    0      22       29        1    6
      5    0      45       61        1    6
      6    0      38       53        1    2
      7    0       8       20        1    6
      8    0       8       21        1    1
      9    0      61       83        1    3
     10    0      29       45        1    6
     11    0      21       42        1    1
     12    0      21       45        1    3
     13    0      21       36        1    5
     14    0      53       72        1    2
     15    0      42       66        1    4
     16    0      72       90        1    2
     17    0      57       71        1    1
     18    0      36       54        1    5
     19    0      66       88        1    4
     20    0      71       85        1    5
     21    0      88      104        1    1
     22    0      54       64        1    5
     23    0      72       87        1    1
     24    0      78       93        1    6
     25    0      90      100        1    4
     26    0      29       38        1    2
     27    0     104      113        1    1
     28    0      93      113        1    6
     29    0      64       78        1    6
     30    0      42       57        1    1
     31    0     113      113        6    1  2  3  4  5  6
**************************************************************************************************
Solution Instance : 22
Makespan : 205
**************************************************************************************************

 Task   Mode   Start   Finish   NbRess  Ressource 
      0    0       0        0        6    1  2  3  4  5  6
      1    0       0       19        1    4
      2    0       0       22        1    6
      3    0      22       30        1    6
      4    0      19       26        1    1
      5    0      22       38        1    3
      6    0      30       45        1    6
      7    0      45       57        1    6
      8    0      38       51        1    2
      9    0      38       60        1    1
     10    0      60       76        1    1
     11    0      60       81        1    4
     12    0      76      100        1    2
     13    0     100      115        1    2
     14    0      81      100        1    4
     15    0      76      100        1    3
     16    0     115      133        1    1
     17    0     100      114        1    3
     18    0     100      118        1    5
     19    0     114      136        1    3
     20    0     133      147        1    1
     21    0     118      134        1    5
     22    0     136      146        1    6
     23    0     146      161        1    6
     24    0     147      162        1    2
     25    0     162      172        1    2
     26    0     161      170        1    6
     27    0     172      181        1    6
     28    1     181      191        2    6  1
     29    0     191      205        1    1
     30    0     161      176        1    5
     31    0     205      205        6    1  2  3  4  5  6
**************************************************************************************************
Solution Instance : 23
Makespan : 161
**************************************************************************************************

 Task   Mode   Start   Finish   NbRess  Ressource 
      0    0       0        0        0
      1    0       0       19        0
      2    0       0       22        0
      3    0       0        8        1    6
      4    0      19       26        0
      5    0      22       38        0
      6    0      26       41        1    6
      7    0      38       50        0
      8    0      38       51        0
      9    0      38       60        0
     10    0      38       54        0
     11    0      60       81        0
     12    0      54       78        0
     13    0      54       69        0
     14    0      69       88        0
     15    0      78      102        0
     16    0      88      106        0
     17    0     102      116        0
     18    0     102      120        0
     19    0     102      124        0
     20    0     102      116        0
     21    0     124      140        0
     22    0     116      126        1    6
     23    0     116      131        0
     24    0     126      141        0
     25    0     131      141        0
     26    0     141      150        1    2
     27    0     141      150        0
     28    0     141      161        0
     29    0     141      155        0
     30    0     141      156        0
     31    0     161      161        0
**************************************************************************************************
Solution Instance : 24
Makespan : 155
**************************************************************************************************

 Task   Mode   Start   Finish   NbRess  Ressource 
      0    0       0        0        0
      1    0       0       19        0
      2    0       0       22        0
      3    0       0        8        0
      4    0      19       26        0
      5    0      22       38        0
      6    0      26       41        0
      7    0      26       38        0
      8    0      38       51        0
      9    0      38       60        0
     10    0      41       57        0
     11    0      60       81        0
     12    0      51       75        0
     13    0      60       75        0
     14    0      60       79        0
     15    0      81      105        0
     16    0      79       97        1    4
     17    0      79       93        0
     18    0      93      111        0
     19    0      97      119        0
     20    0     111      125        0
     21    0     119      135        1    6
     22    0      75       85        0
     23    0     111      126        0
     24    0      85      100        0
     25    0     125      135        0
     26    0     119      128        0
     27    0     119      128        0
     28    0     135      155        0
     29    0     135      149        0
     30    0     128      143        0
     31    0     155      155        0
**************************************************************************************************
Solution Instance : 25
Makespan : 144
**************************************************************************************************

 Task   Mode   Start   Finish   NbRess  Ressource 
      0    0       0        0        6    1  2  3  4  5  6
      1    0       0       19        1    6
      2    0      32       54        1    5
      3    0       0        8        1    4
      4    0       0        7        1    5
      5    0      54       70        1    5
      6    0      29       44        1    2
      7    0      48       60        1    1
      8    0      19       32        1    1
      9    0       7       29        1    2
     10    0      70       86        1    1
     11    0      29       50        1    6
     12    0      70       94        1    3
     13    0      44       59        1    2
     14    0      29       48        1    4
     15    0      95      119        1    6
     16    0      94      112        1    3
     17    0      50       64        1    6
     18    0      95      113        1    5
     19    0      60       82        1    4
     20    0     119      133        1    3
     21    0     119      135        1    6
     22    1      90       95        2    6  5
     23    1      82       90        2    6  5
     24    0     113      128        1    5
     25    0      82       92        1    4
     26    0     135      144        1    3
     27    0      92      101        1    4
     28    1     133      143        2    1  4
     29    0     128      142        1    2
     30    0     128      143        1    5
     31    0     144      144        6    1  2  3  4  5  6
**************************************************************************************************
Solution Instance : 26
Makespan : 114
**************************************************************************************************

 Task   Mode   Start   Finish   NbRess  Ressource 
      0    0       0        0        6    1  6  5  3  2  4
      1    0      16       35        1    4
      2    0       0       22        1    6
      3    0       0        8        1    1
      4    0      54       61        1    4
      5    0       0       16        1    4
      6    0      35       50        1    5
      7    1      83       89        2    6  4
      8    0      22       35        1    6
      9    0      22       44        1    3
     10    1      16       24        2    1  5
     11    0      50       71        1    5
     12    0      24       48        1    1
     13    0      54       69        1    3
     14    0      35       54        1    4
     15    0      24       48        1    2
     16    0      71       89        1    2
     17    0      69       83        1    3
     18    0      48       66        1    6
     19    0      48       70        1    1
     20    0      69       83        1    6
     21    0      89      105        1    4
     22    1      89       94        2    2  3
     23    0      83       98        1    1
     24    0      66       81        1    4
     25    0      89       99        1    6
     26    0     105      114        1    4
     27    0      99      108        1    6
     28    1      98      108        2    1  3
     29    0      81       95        1    5
     30    0      99      114        1    2
     31    0     114      114        6    4  6  3  5  2  1
**************************************************************************************************
Solution Instance : 27
Makespan : 144
**************************************************************************************************

 Task   Mode   Start   Finish   NbRess  Ressource 
      0    0       0        0        6    1  2  3  4  5  6
      1    0       0       19        1    6
      2    0       8       30        1    1
      3    0       0        8        1    1
      4    0      30       37        1    2
      5    0      30       46        1    1
      6    0      46       61        1    1
      7    0       8       20        1    5
      8    0      19       32        1    6
      9    0      61       83        1    6
     10    1      37       45        2    3  2
     11    1      32       43        2    5  6
     12    0      37       61        1    4
     13    0      46       61        1    2
     14    0      83      102        1    5
     15    0      77      101        1    1
     16    0      61       79        1    5
     17    0      61       75        1    4
     18    0      61       79        1    3
     19    0     102      124        1    1
     20    0      75       89        1    2
     21    0      61       77        1    1
     22    0      91      101        1    6
     23    1      83       91        2    4  6
     24    0      79       94        1    3
     25    0     101      111        1    6
     26    0     120      129        1    6
     27    0     111      120        1    6
     28    0     124      144        1    1
     29    0     129      143        1    3
     30    0     120      135        1    4
     31    0     144      144        6    1  2  3  4  5  6
**************************************************************************************************
Solution Instance : 28
Makespan : 134
**************************************************************************************************

 Task   Mode   Start   Finish   NbRess  Ressource 
      0    0       0        0        6    1  2  3  4  5  6
      1    0       0       19        1    5
      2    0       0       22        1    6
      3    0       0        8        1    1
      4    0      22       29        1    6
      5    0      19       35        1    5
      6    0      29       44        1    3
      7    0       8       20        1    4
      8    0       8       21        1    2
      9    0      50       72        1    4
     10    0      21       37        1    4
     11    0      29       50        1    6
     12    0      44       68        1    2
     13    0      35       50        1    1
     14    0      72       91        1    2
     15    0      68       92        1    5
     16    0      72       90        1    1
     17    0      50       64        1    5
     18    0      92      110        1    5
     19    0      92      114        1    2
     20    0      64       78        1    3
     21    0      64       80        1    6
     22    0      80       90        1    6
     23    0      90      105        1    6
     24    0     110      125        1    5
     25    0      80       90        1    4
     26    0     110      119        1    3
     27    1     110      115        2    1  4
     28    0     114      134        1    2
     29    1     125      132        2    1  3
     30    0     115      130        1    6
     31    0     134      134        6    1  2  3  4  5  6
**************************************************************************************************
Solution Instance : 29
Makespan : 188
**************************************************************************************************

 Task   Mode   Start   Finish   NbRess  Ressource 
      0    0       0        0        6    1  2  3  4  5  6
      1    0       0       19        1    4
      2    0      41       63        1    6
      3    0      19       27        1    4
      4    0      16       23        1    1
      5    0       0       16        1    6
      6    0      27       42        1    4
      7    0      16       28        1    3
      8    1      68       75        2    6  4
      9    0      19       41        1    6
     10    0      28       44        1    2
     11    0     118      139        1    5
     12    0      75       99        1    1
     13    0      75       90        1    6
     14    0      99      118        1    3
     15    0      44       68        1    4
     16    0     153      171        1    1
     17    0     139      153        1    2
     18    0      68       86        1    2
     19    0      90      112        1    6
     20    0      68       82        1    5
     21    1     171      179        2    6  4
     22    0     112      122        1    4
     23    0     112      127        1    6
     24    0     139      154        1    5
     25    0     122      132        1    4
     26    0      82       91        1    4
     27    0     179      188        1    4
     28    0      91      111        1    4
     29    0     153      167        1    2
     30    0     127      142        1    3
     31    0     188      188        6    1  2  3  4  5  6
